100
100 2 1 2629 7477 4683 209 45 2399 4353 1516 9392 9539 1500 2468 4335 9792 251 5377 6243 5785 309 9010 7519 3208 5075 4750 3462 6342 2677 326 1983 3051 927 1495 7132 3697 3959 8037 1846 6562 3896 4461 90 3713 8063 2332 7316 193 8302 3182 9331 5032 4995 6733 6139 5692 6049 8707 6500 5937 4773 6671 8075 9624 3797 1472 3321 848 9848 9832 3300 9183 612 4627 2981 6621 5188 1701 5471 8433 9877 3747 4974 2641 5839 2003 4789 3623 9237 4202 7624 6172 805 2336 7914 8196 977 112 9921 5084 2
100 3 1 2168 4880 840 2543 6093 8464 5228 7305 8857 4867 8708 2717 9918 2156 6503 7981 5300 4946 726 2851 5963 1429 449 8973 2973 6001 694 3912 6057 2988 3664 1238 2742 9151 6240 8353 6768 6443 1596 2263 5342 5592 4665 8313 6255 7805 7388 4790 4277 9647 5503 1185 7428 3627 5683 969 4670 1252 3992 4817 4042 6962 6245 7265 8292 9762 4890 919 3977 2973 1367 5484 7000 8503 5041 3675 8078 4231 3138 9169 6573 7843 204 261 507 6905 9564 4091 1264 2348 1553 8105 5624 1477 6565 2314 2523 349 3
100 4 1 405 2832 2320 9995 4121 3370 5488 8704 837 9966 8599 7204 5756 4220 5304 2286 7928 1028 5243 3373 1267 2772 3620 1553 3094 6302 5999 1299 2168 5286 6848 7213 2057 2652 6798 6531 738 5692 876 3270 9504 1825 1823 8516 5909 1870 2548 7717 1942 9528 1120 3963 6435 9203 8176 7403 280 2153 4892 952 151 2492 5375 2705 1349 1818 1622 6469 1674 1343 6233 4736 5418 1448 6194 5549 8319 8399 759 2127 442 1134 3039 7144 3701 7849 4644 4307 6684 3266 1718 6769 5070 7683 8014 2608 9212 2787 4
100 5 1 3921 6391 5316 3796 8798 7037 6293 7320 9110 4348 2054 3420 735 5453 232 5916 2528 4405 5883 9820 6062 7254 7690 5335 4722 3307 9557 6695 547 7947 8749 2970 8607 6228 7818 6142 2285 460 5963 619 5706 6964 9892 6943 1295 6403 8884 3944 3554 8036 7880 6423 2584 2668 8743 9140 1116 7682 7709 7258 5923 1411 4374 9131 4675 3825 8166 7114 6034 3950 9256 2237 1563 7182 9010 2931 8716 6654 8699 1945 5264 7664 9808 8846 8731 6149 3404 8624 5024 776 8138 7261 414 4315 1323 6926 8821 6887 5
100 6 1 199 74 4770 3686 4811 1115 7131 6192 4317 4419 7892 5296 9516 2030 3986 2064 5215 1713 1774 2484 7456 5944 5245 2791 7173 8699 6289 8930 8041 7346 8048 2006 9992 7917 2878 6306 1457 1242 3296 697 7331 2437 2264 5706 6053 235 7590 626 8314 2472 6625 2949 570 1323 3845 6750 1914 730 3847 6941 2777 5884 2250 981 9124 665 5101 7950 728 3154 3852 4817 7657 7828 9504 2431 7117 7732 8251 2969 1295 978 3789 7073 4088 6741 5295 2568 8699 5862 5903 2285 5598 849 844 4264 6343 5043 6
100 7 1 7791 1718 1897 5793 9226 3403 475 4042 5393 9929 8913 6763 8780 2672 5402 1977 5023 6573 7752 488 399 2364 9120 4933 7458 6349 3236 3757 1993 7653 4805 208 8537 3910 5057 8445 8062 8108 852 520 2288 4853 9 4481 927 5686 773 882 4555 8996 6318 6391 6617 3219 2658 7499 4996 4396 2786 7407 3234 2217 1875 1456 2732 218 2479 9797 5924 4401 6557 7763 2099 1397 8733 8737 714 9752 8874 9572 3091 6776 4006 3672 9079 7806 3424 4148 3136 4630 2221 2346 8962 4143 8562 5124 3622 4913 7
100 8 1 6177 1556 2777 9191 3711 4867 3462 4148 8232 5138 5194 6129 4331 6648 7447 2384 624 4715 5600 5015 1897 6754 8937 4256 4249 470 8172 2886 4409 3026 1374 433 2612 4025 1833 949 4621 4559 5076 3052 1163 4480 7356 6418 5358 5186 8866 1394 7769 5713 449 3860 3719 8605 9363 2201 6553 4405 1757 72 6050 4672 9187 5856 5836 7824 4624 2706 3743 4650 369 2146 7709 9552 8754 3179 1508 9784 5074 5013 9710 8141 6108 1773 4555 7224 8638 3713 1437 7695 3295 1259 3824 4675 3055 8093 4416 1568 8
100 9 1 2580 5388 3514 871 8598 23 8624 5812 9249 5847 8670 1672 9408 9057 1342 6728 1021 829 9122 6954 2160 905 7059 621 5741 7162 4730 8783 2777 3900 2371 4972 3806 8838 4602 5759 6054 4490 5211 3248 1160 626 7675 1557 4608 7369 6858 3775 7719 4299 4426 9906 3630 9542 8274 1175 5273 977 2986 4668 2983 8326 2902 299 6644 3379 3834 2940 3142 2984 2549 4799 5703 2082 9639 2327 657 5043 7038 3002 6176 9863 6882 7557 7603 4347 4281 4310 8104 56 2668 2607 7985 5477 7062 5102 8213 1720 9
100 10 1 4706 5871 1770 5454 7539 1373 7462 832 2119 910 6517 9582 9779 6306 1043 178 350 9862 3569 2536 9933 5198 3033 4085 5399 3660 4297 6984 7018 8157 3613 8285 122 8609 7888 4755 7949 3738 8147 6257 5594 1090 5215 8071 6714 8141 7782 7791 2285 2118 7353 9995 4462 6807 2471 1790 4744 6947 5128 5462 3471 7983 1321 296 8898 6142 6820 5402 1735 7259 8742 6103 8569 6570 1433 4538 2261 2757 2422 7719 2275 7745 6571 8667 6694 355 3082 5745 9776 4418 3408 7240 251 9129 8931 8891 2857 7787 10
100 11 1 7921 4858 3930 1298 92 9611 7153 651 5011 4728 9487 6905 3923 705 406 8977 8049 4192 3532 2073 963 9868 5455 8779 4612 290 9151 8314 3884 5460 8013 4316 8639 647 4675 9991 4009 6504 3626 1246 937 3944 4903 3425 808 9692 7499 9941 6288 1885 9755 5507 1766 3376 8314 9953 2213 6678 4870 7831 5830 1291 9942 2822 6997 4737 7954 627 3667 3787 1295 8785 9911 8399 2942 5460 1521 1178 6620 1911 8791 8640 7853 5515 4474 9498 2989 8266 7771 5897 7067 7353 2536 3812 9945 8407 5077 3206 11
100 12 1 5087 8379 1766 6765 669 7307 3926 4974 1507 8935 6802 2907 6782 1178 7282 5450 8656 30 3825 7713 3777 7571 8604 906 3539 8920 4327 7550 5261 2642 587 2120 4066 4617 3616 8624 7407 7609 3353 7817 6360 9848 4984 7728 4439 4808 1414 5276 3473 1348 4309 4798 1873 4700 656 1662 6223 6573 8676 6382 2796 846 1016 6347 2259 9367 3999 2469 3069 4751 1781 4261 7169 1174 7271 8886 8802 8898 3701 4583 2910 7506 8706 2544 8779 8449 2027 8438 8932 2940 9454 2449 4377 8093 3896 7546 2408 5397 12
100 13 1 9283 6163 5068 539 4725 637 2069 2661 3866 600 687 9171 7053 9612 8332 6050 7382 5950 1425 1260 640 7719 5694 1005 8505 3205 6502 6859 6684 9219 461 448 6264 1704 5346 7728 89 715 5751 7297 302 2956 5291 361 4391 7177 3663 2522 8223 5713 2976 4785 4997 999 1539 3506 3285 4015 9846 6097 6663 8490 6270 4651 4364 4064 4019 7868 8336 5994 7047 3493 6959 2049 8750 9807 8255 6148 5172 9584 3852 410 4621 2659 9798 7450 9991 9027 68 8463 2134 1388 7931 8369 160 9428 53 6081 13
100 14 1 6149 4452 8933 1713 6493 4130 9400 4455 2997 1638 2970 8472 3583 2151 8710 2732 110 4823 4532 520 6537 9947 294 7992 5099 8840 3668 975 8119 9317 279 5345 5840 989 7300 3799 667 1146 1705 3299 3879 6901 32 7436 7328 7783 8864 5107 7009 5123 9664 9916 3926 9583 4955 6266 9139 8346 6242 2099 108 8289 719 8225 8224 7596 6380 2436 6347 8316 8858 8039 3039 7216 4104 4557 720 7843 8561 4099 7032 6866 3269 585 5973 7750 2901 5225 986 3922 9335 6663 6456 4290 6780 4132 7451 6660 14
100 15 1 694 3432 3825 5133 4701 6695 986 3972 2389 8649 2579 5859 9776 8453 5815 6605 4157 6153 8910 7390 362 8004 3456 3750 9652 7276 2907 2835 2400 9002 7010 4403 3825 2451 8839 7857 3220 7646 6012 4835 6462 1869 7204 4620 2031 6167 4118 2709 4674 3062 5943 2104 6207 6486 3767 883 8476 8038 9377 9750 9419 6122 4685 8606 7153 4689 1626 9907 8698 9578 5141 1891 785 9691 3032 6564 4439 8731 8320 8752 5986 925 9595 1371 2766 1307 792 6459 415 815 9147 9934 5667 7553 6293 6321 969 467 15
100 16 1 1725 5953 8832 7173 1924 9877 3515 2582 4665 3993 7608 3695 8953 7091 6364 8517 7137 200 8943 6649 9915 6539 4091 7445 7734 5728 5190 8649 6018 4989 4128 681 1356 3027 5630 8686 1768 9708 6930 6490 2537 5808 9430 4162 2241 5939 7724 3528 1338 6556 6589 1247 2207 7050 61 5237 5686 7691 3367 9134 7355 4863 7881 1655 7951 3559 3834 6601 2951 4776 5593 1994 3327 9455 751 9675 9393 5838 8335 4618 4566 1602 6586 6000 6466 7364 4294 8799 6426 3593 1861 5172 5034 9584 3516 4781 5605 7707 16
100 17 1 8395 1388 9772 7548 5412 8726 6720 2036 3173 9242 8400 8751 1921 3443 7432 8698 4728 2687 7652 1628 3951 3566 1136 3720 5044 4129 140 9205 1720 2658 2420 7373 4818 3077 4721 1557 1368 1981 8723 6651 7107 4999 2472 4946 9601 4711 3989 8127 7261 2061 6739 5109 2703 3379 9943 5156 6597 753 8289 1395 3833 6903 9080 7680 9994 7507 8841 4117 3749 2746 4171 7195 9104 9923 5 8122 1295 6636 3414 8583 7636 5623 1307 8041 9009 8489 422 3774 5776 6341 5665 4306 9541 1386 5959 9768 8486 9144 17
100 18 1 6099 3821 2316 4625 7194 9785 9967 2777 687 8002 399 1117 9548 2597 5198 1626 2580 8314 8903 8474 7070 8523 7081 1337 7307 9995 4644 5474 7671 545 179 2177 1726 471 5413 8251 474 8921 9070 7401 8254 6089 8848 3454 6888 7213 4078 1299 7017 7865 2163 2912 25 1659 6267 6783 4774 1938 3379 229 9296 1302 6424 6836 2756 9526 419 6342 1452 2635 9705 9791 1001 7601 9211 2455 7687 2867 5054 2861 2810 8578 2819 3796 7857 3774 1943 7754 4409 9035 3470 341 6868 2432 2258 6507 3362 3892 18
100 19 1 9075 9249 5422 7455 5369 1277 5373 2694 8765 8428 7512 6365 5851 6040 250 9755 4510 2342 4777 5353 3198 6321 6625 2289 7933 3716 3189 5643 6977 8158 1866 2667 3879 7023 9932 877 7638 4319 3916 5875 1525 6284 2455 2154 602 2694 1714 9046 4208 5901 3911 1201 2066 9644 6446 7252 2055 8382 2129 3987 434 7948 359 8580 3842 1743 2981 957 8160 2337 882 6630 8390 8538 4954 8481 4208 2312 9291 6105 1375 9036 6413 7591 8770 1063 8782 1770 8078 2782 1326 6227 380 8720 544 4143 8234 2431 19
100 20 1 3465 9445 7182 4784 2415 5917 9796 8215 1495 9984 1204 8174 993 6008 8697 3870 9177 3865 3983 5842 573 8627 9157 9785 6895 1547 2148 1757 1035 8948 3349 7794 253 9280 922 9056 180 2733 4223 914 5185 9066 5222 7480 4606 910 8336 9961 2185 9505 9516 1824 3944 8218 4152 6650 346 9732 4475 462 6122 557 4693 8857 3132 2734 9627 2683 1141 8753 6274 8211 381 224 4725 683 9656 4910 1325 6074 3946 9369 8763 1262 4708 1796 3315 3170 6368 9566 9397 780 4786 6739 8555 7102 2057 2724 20
100 21 1 4855 977 116 1845 9478 9466 8451 6496 2153 6244 7002 7371 5427 9499 8977 8964 1969 3606 7565 1232 5775 8054 3570 3871 1290 344 4187 9544 9351 5334 6486 7526 1776 5401 879 9506 7799 6866 9538 2191 5558 9484 7699 2187 6781 4584 7160 7845 6439 7464 6206 4430 646 325 6050 6375 4823 5785 7844 7284 8902 7752 5650 2345 259 1561 4615 1534 1773 1419 1998 3550 4221 3485 9370 5959 461 4240 7748 2250 7605 4254 7146 4535 2309 7030 7604 3596 4037 141 140 3618 2716 2223 280 5138 445 6257 21
100 22 1 5062 2706 2585 1539 4491 3958 1573 9019 3743 7019 4534 6959 3381 7533 26 1866 6731 2139 2233 1209 5035 5417 9316 512 8885 1507 4267 1461 6606 5270 7377 5813 4743 869 8733 5745 1270 5822 5471 7796 4349 321 8319 952 7083 6254 9292 671 7690 4966 920 8658 2091 6202 3621 9465 5885 749 492 8757 5502 2602 2822 6217 3 2460 6224 1903 3371 5241 9566 8539 8448 329 8492 8835 6025 2080 9403 2469 4651 3246 8615 3824 6109 3987 1655 6949 1070 7053 5447 2054 9514 5641 4073 7219 3952 6357 22
100 23 1 2779 5289 92 5110 9142 4310 598 4419 3037 9691 4406 7822 5622 834 4311 3223 4081 1488 1645 1282 8175 2863 9483 4443 1350 9588 6201 7732 1931 3890 5892 9488 6357 2102 7379 3821 7736 4837 184 5660 4335 538 4139 6532 3630 5821 1157 4588 1376 4353 6268 7570 7858 5463 7073 5682 6629 4988 8401 1870 8720 4539 6366 7304 7290 1202 1846 7902 2708 3527 6333 8284 2444 2026 8104 5470 3416 5525 7332 4402 3095 8867 943 94 2450 1619 1123 6831 8916 1908 8461 2183 1806 2036 101 3633 5786 5916 23
100 24 1 6371 7399 5837 6199 8920 4542 1886 4689 8616 5600 5827 3219 2984 7390 983 8027 2247 1035 683 9617 9279 1066 5778 5947 9666 1342 1553 7456 9089 2013 4875 6011 9322 2899 4670 9914 5974 4202 4891 9828 4103 1586 2212 1267 1538 3643 9388 9311 8538 2306 7826 4179 3614 2449 4214 1943 7057 1839 7302 3532 2921 4200 9422 3277 8640 4832 8871 7884 3856 9166 5409 3088 9139 2741 8369 4645 308 3379 3797 775 9831 506 3146 4039 3796 4869 2314 7767 6080 7760 1756 9107 1153 9066 9627 6996 7042 9029 24
100 25 1 7167 8420 2377 1179 6593 9490 4196 3672 718 5435 8503 51 7166 5641 3955 8102 1228 1458 745 2068 9075 5076 732 4814 1577 844 1347 4209 7922 1237 5333 8381 3248 1840 9623 2993 7879 49 9072 3429 4167 9474 3032 8351 4389 4020 7485 6071 8210 3090 7705 3719 4060 3336 8599 9435 2560 989 4545 435 336 4696 8930 2960 715 4618 5007 4157 6143 5673 4367 7706 3592 7770 1561 4737 9933 1234 7041 6254 1722 1698 2487 4542 2978 1107 5828 3081 7683 53 5718 4202 4253 8323 299 9922 6900 2437 25
100 26 1 172 5200 4388 4808 8529 2744 9193 9286 7511 6762 5534 9926 7609 5654 5542 2463 7666 853 9218 9599 8233 3443 2413 5082 1573 8094 2991 471 720 2631 1883 8759 5783 3864 8095 9258 5419 2113 8338 7306 1215 437 5593 5811 4165 1610 6080 1582 4101 8615 2102 3767 8557 4728 1870 8707 9297 3106 540 7929 9922 8312 6774 3249 7559 1531 5594 4469 4484 1498 4803 1663 250 8591 6442 7350 9564 8358 6834 9940 402 3695 9879 2155 1070 8078 2251 9395 787 9901 6645 9821 9616 320 3611 4358 4158 3361 26
100 27 1 5288 9529 3567 4043 6189 8008 6608 6210 1823 8369 4339 4369 5125 1660 7604 1020 3939 68 7089 4982 9933 3613 9801 4929 6327 7187 2734 1852 3542 5380 6788 4304 4493 1931 3287 197 7058 8334 8625 2171 2424 699 7592 1017 9504 3612 4272 7331 6958 98 5816 2910 2532 7798 6861 3283 1833 1249 6178 6177 856 7291 2574 7108 2604 3787 4277 2294 4399 6956 7394 6682 1086 9451 8788 3050 1376 3294 6103 811 1091 7325 7203 5520 9695 8324 2768 212 4129 7549 8759 5743 2752 4458 8402 1318 8552 7379 27
100 28 1 1187 3090 3268 17 4279 6481 2922 3442 1327 7837 8862 7979 1585 2089 2041 1603 3145 2659 3507 2123 9604 8340 7436 8708 4669 8374 4355 8551 2921 7368 5548 224 2459 7570 3772 4975 5200 5262 4841 8580 412 6262 5569 450 2132 2864 4437 8924 8227 2707 7712 2410 4388 6392 7056 7726 8204 9081 6288 1078 4026 8946 4981 6169 3027 9856 320 3533 6391 9483 6568 3954 6449 4348 4413 2809 4531 5089 381 5156 9533 1194 6251 5501 2591 5779 8890 9078 5852 8271 172 2871 6915 5844 7772 6953 8419 6538 28
100 29 1 4095 527 5165 5549 9179 8611 3453 7773 3989 4659 2595 4357 1628 4128 5630 8550 279 9230 3339 1393 8884 9849 4993 7793 6754 2363 8658 4114 1079 4853 9190 4657 1933 419 3773 4048 4427 9817 7810 3187 1898 6547 5310 7455 3055 6435 5560 7204 7577 4755 9368 7028 6553 9848 6979 5122 7195 1103 4158 5631 7041 6872 248 8937 1667 7381 8634 1122 9582 5671 9225 5427 1759 6434 3093 8557 9911 3915 548 7010 3243 1829 3246 8023 1336 8769 4514 9700 6441 8874 4238 1297 6446 6066 8361 7023 7931 8231 29
100 30 1 8339 3007 6650 1325 9801 8518 5053 2936 6613 4189 9812 9238 4526 3621 3816 2692 7832 550 319 1029 7619 1661 2896 2318 8088 1942 7984 2415 2412 3766 6149 3997 3677 1777 1694 5541 8251 689 9044 1698 9805 2064 7824 4080 6107 8483 1179 3248 618 9902 9492 149 4104 2402 828 2649 312 8220 4923 817 505 6911 6482 2881 1993 945 4258 570 6239 2088 7175 913 4565 5852 7834 9871 8430 7768 3338 8342 2192 6130 942 1834 6122 388 7573 6379 8291 3148 5620 6233 4091 1378 1508 420 3716 9302 30
100 31 1 2047 5634 3499 440 8498 9401 3751 6042 5563 5982 3171 798 6572 8687 1984 6585 5340 6678 2212 1880 9350 9319 463 9188 9650 4991 3276 9848 6694 4466 7245 1262 7753 6021 3187 2477 2143 7896 928 4951 3680 7005 5708 2439 3743 7006 6374 552 8392 2817 5934 7865 6369 9225 6800 3804 3071 9509 2532 5422 5691 4905 1925 9987 2623 4771 9357 2634 3919 325 5013 6984 7239 9991 4015 2074 8187 3453 6009 7368 9959 3092 9568 694 271 7659 8392 9020 4510 3602 3514 7878 4894 3710 7742 1603 7712 2203 31
100 32 1 3290 4726 4802 9058 1448 5577 9290 5121 1839 3701 9624 5344 1173 5027 2680 3829 2421 9278 4957 3798 6305 4547 8105 2304 3319 1477 2726 1922 4910 6065 6193 7724 6933 1790 8113 3917 363 4281 7921 1150 4706 906 1869 1954 2609 7212 279 2663 2056 9542 8579 4470 6796 1352 9512 9344 3951 4109 6532 6116 2736 1106 6839 4951 8258 2724 5899 8896 5321 799 9499 4753 3192 2636 798 2303 3314 1087 69 7465 6644 3941 6646 6743 7211 3974 5603 6490 3029 8415 4373 6661 6249 7486 8632 6724 2230 3183 32
100 33 1 1400 992 9637 1293 5265 5627 7209 5681 857 9932 771 2514 8448 907 481 2259 6065 4795 8872 6738 2966 500 5498 7636 9794 1365 3948 1660 2892 4584 4489 6309 2846 2890 3127 7119 7243 294 7561 2214 8961 9317 6810 1014 9912 356 8540 2057 7076 7697 3917 4705 7312 7853 555 8631 3968 9233 3563 5206 7853 9301 4589 7759 7507 8231 6689 2379 1579 3204 6271 2830 5752 9812 9857 8735 1879 4305 8545 2276 7 3026 2188 584 6593 2212 7464 8651 7207 8521 5010 3316 5353 5511 7947 7107 8078 5913 33
100 34 1 5211 4277 7925 6675 1862 7822 4238 6928 5447 2045 3364 4288 7827 716 7063 2570 4081 7816 7307 266 411 3673 385 8201 75 4790 9839 1352 5604 638 3229 6721 8170 3193 9975 2716 9755 349 6239 1390 1824 9908 4251 9032 9426 4263 6320 6139 1413 8035 5502 5620 3098 6922 8626 3114 357 1507 6119 2260 6994 1985 1884 5324 7125 1548 4196 2776 9257 9330 4760 9654 474 4021 2873 4332 3854 3650 8146 4902 1093 7244 5559 4912 5958 1054 4441 6261 499 2441 2277 5304 4994 7941 7541 7473 1902 3574 34
100 35 1 3428 6370 9571 1796 4264 9691 9664 5635 4902 2412 7629 4307 6434 1404 889 7960 9214 641 3902 3985 607 264 2218 9320 9812 1196 3259 406 4660 4942 9830 9315 3082 8034 800 9061 5580 8310 5817 2168 3076 5379 7854 7416 6084 9676 2471 2183 1255 9536 8756 8349 8356 5624 9941 2225 9778 7361 2353 8490 3338 3695 1874 9602 3861 3808 2367 5033 460 8944 5895 1900 5222 9975 8338 423 555 6442 8676 2069 583 9973 5817 6337 4186 9135 7828 7767 7768 4002 2918 7702 4544 4370 6784 6938 1349 1491 35
100 36 1 5717 4204 5226 1230 8493 5653 8055 1919 6215 905 2859 1782 5818 2645 5382 5941 8816 5058 107 5259 3105 5918 4121 3575 8917 5212 7290 5518 2259 5007 816 5791 7961 1705 7017 79 1671 4749 730 4166 6683 8807 9675 1847 7945 9749 4963 17 1036 4499 3152 6947 8707 4855 4535 8364 5130 8192 1301 6076 4245 3122 1415 8730 8608 6187 8954 8095 4151 2114 9922 654 6857 8466 5763 7857 4817 6004 3391 3641 4551 2757 1931 4968 1178 2344 6978 2750 1170 4146 1447 6939 7131 2006 646 5847 2232 7324 36
100 37 1 8127 3270 2892 8694 2266 6728 2385 4696 7766 6846 3775 7057 4323 4350 7660 5122 2577 8074 6621 2517 6092 5711 3512 5664 5431 4742 4764 2402 7055 5820 5298 4002 1887 5785 4171 9474 637 4960 5102 8007 1493 5165 4538 5241 8607 7303 5974 6356 8512 6443 3604 8133 2796 3070 7272 8715 9043 513 6391 5969 4668 7110 7990 5148 1541 3481 165 1869 6484 9049 168 3170 7303 4231 9186 3521 1961 1292 5306 5704 9001 7616 1073 1903 1129 5386 9807 8119 9106 5529 4791 7708 6254 3731 981 7448 2999 8619 37
100 38 1 4290 6685 3953 9742 2700 6808 2977 9725 8734 3870 7478 5564 5830 7970 8358 6544 1306 7975 3177 9608 1274 7274 6699 849 9388 1662 8961 2870 8122 3881 5256 99 9100 590 9181 5323 9761 7721 4989 8763 7668 8772 5832 7828 2032 8483 2510 2231 7259 9334 5921 3930 8628 3944 8324 3655 9886 5537 5009 8566 9148 699 4976 262 4965 6093 6022 354 592 7083 2027 9393 9097 9325 4399 6370 9408 6595 7961 7741 7843 2368 8810 2171 9873 49 5409 6310 3926 6726 2452 9247 2180 191 5482 6277 4529 3647 38
100 39 1 6468 6898 9673 295 6990 3079 2369 2366 5201 1464 4696 4307 8192 1254 5970 6869 2141 3693 5003 1288 632 1340 8541 4935 9083 7837 5880 3409 8688 5464 490 2324 4701 1834 5215 7952 581 1236 9695 9449 2455 6107 4654 6494 1188 482 8930 823 8782 32 8068 6712 2380 3901 2024 7071 1034 1362 5662 9241 4223 2757 7627 5596 4252 6129 7467 7092 9090 7032 9608 827 8271 492 7803 3000 9100 8604 7093 6295 9721 7752 8525 7806 5603 115 4186 4277 8263 1407 4477 3682 5685 9749 5337 5715 831 753 39
100 40 1 1911 5250 3284 7069 3102 4936 4899 8752 7537 5975 1298 5492 1371 4458 9145 5931 2686 5709 3672 8909 3661 3754 6466 4320 71 7662 5542 4854 1254 5125 4682 1562 4797 1113 3522 442 3707 6200 4021 2850 4515 2649 1286 1828 6768 1539 8267 5494 9278 7302 7238 9030 312 6095 3198 3790 7778 3604 364 9056 1826 53 4082 9254 5306 4559 7192 3296 1252 4404 6198 9541 7145 5016 311 6024 798 1620 8503 8375 5267 7351 7637 4293 5693 1662 4857 4894 9239 5412 4093 5940 1666 1690 147 7214 3729 2713 40
100 41 1 7734 6218 9600 5677 7279 4531 8548 1947 5699 3183 7549 5785 2347 736 3206 7309 1565 4592 6207 9046 7835 4637 6546 4644 4347 3119 3415 1522 6375 2498 6000 9196 1962 4300 1442 7475 7127 1713 9979 6248 1806 7676 3710 7875 5017 8248 9068 1198 9797 9885 1483 6212 9843 9857 9462 6735 3436 476 5175 1951 8978 6963 232 8670 5783 9552 7895 1244 9124 1634 234 5265 1200 5306 1898 157 4202 2352 2616 4102 5802 2285 327 3176 7953 2307 1179 6822 9595 3527 9895 7689 4816 5833 5337 4364 2503 483 41
100 42 1 8163 7233 8652 2919 3420 3626 5509 7743 852 2934 2865 4423 8836 6728 4530 1337 5852 5583 3665 6189 5800 1067 9946 1775 5270 223 4621 9432 2727 2916 5975 7999 8171 6533 4490 4266 3799 3097 5651 7052 2433 5721 7556 4474 5289 5047 2765 5598 8191 6118 5247 7602 1814 5758 836 2087 8933 3920 5662 3515 9131 5172 9723 9553 3726 4997 3770 2522 4368 2918 6657 913 6278 6728 8627 520 6550 6266 9409 5399 3077 8943 4887 9681 8539 894 1443 7758 7748 8002 4787 4097 4127 8631 2365 6598 1595 9948 42
100 43 1 4536 3707 1149 9950 2931 1185 7167 8241 6897 4095 7451 3970 627 8241 6402 1691 1427 8573 5530 6486 1608 9014 4716 3191 7027 3065 7733 1172 6385 281 4388 2110 6451 9374 6537 9740 7001 2863 6505 7687 9567 6321 2155 451 859 3709 5377 6251 298 543 6472 9501 9579 1758 6121 8262 1969 4509 2879 7440 6847 7989 5149 9320 3095 7928 8192 1479 1309 3512 8971 8480 7329 3260 8765 7244 9397 1705 112 3887 6271 7736 8516 8972 9522 5544 4363 241 8861 272 9159 9718 9304 3517 3780 5623 5253 3923 43
100 44 1 8126 8557 9920 5629 5617 9722 9964 3466 6779 9277 5846 9267 976 7840 5278 6713 5482 5670 5912 8708 1794 570 5544 1522 83 3181 5245 8949 6107 5927 6296 8172 9669 6075 8792 8768 5037 3487 8786 8597 2631 1436 8116 9183 5345 1336 9445 7809 4371 1853 4135 2770 9672 7344 343 8921 9589 5984 9317 40 7577 8179 5348 1946 9824 5041 4848 7112 3030 4545 6300 234 2897 379 3143 2976 1256 9769 618 7884 9630 8003 4675 3318 7414 7905 8315 2698 1932 7230 6257 4673 6285 394 3692 978 230 9989 44
100 45 1 3231 8157 4127 3287 6682 5038 7435 3262 4420 8955 6362 7324 1261 4079 7229 6043 3178 3146 9082 4763 159 6249 7255 2292 9432 2437 8608 2944 8040 1320 8368 5756 8674 5851 6437 9494 4253 7284 1943 874 92 6928 3401 7329 3525 537 7004 1190 9234 5282 1644 6543 1063 7609 8944 9246 6566 8005 7162 603 9740 326 9933 2691 7880 9727 9787 1273 7499 9706 4169 2955 5521 1369 4747 6820 1415 8909 5785 670 5346 8654 8217 4947 7293 4235 4697 2936 5994 1055 1116 8219 1030 6531 556 9846 5976 5602 45
100 46 1 5927 5489 6517 6928 2652 9075 5549 3001 4428 6680 9965 4619 5776 3160 7647 1237 3016 9991 9241 5123 1350 8936 4646 8339 4945 3541 2727 1084 9261 7188 5388 135 4348 3673 8714 9369 9884 7937 9088 1639 2157 7125 1948 9789 27 2994 1216 2138 3337 6630 8251 417 4099 6421 9088 3635 7647 4057 2025 6251 7537 3781 4371 5244 1985 7689 9543 8853 1152 1783 3768 3794 8497 9013 612 8927 862 1973 680 4607 8796 5285 6146 9537 895 7523 6776 6046 4546 3535 3451 4078 6584 2311 8339 9022 847 7808 46
100 47 1 6966 9014 309 7257 1347 6723 2128 8022 1438 5360 8165 1625 3036 7790 1697 5990 5995 3103 5383 1982 1328 8839 8770 3818 19 5772 7138 9900 282 1064 4227 4283 4064 530 9698 4264 2105 585 589 3813 2614 7830 1642 1942 9525 3624 174 9872 9059 8313 7028 4714 6716 4775 1912 5010 9773 6356 5358 3832 4765 3887 2132 2722 6289 8195 7857 7297 1791 513 3131 347 7659 4211 7393 93 3753 7910 4644 3858 3532 9529 8817 7241 7469 2993 205 1443 8879 6477 7250 1060 4979 2884 5885 9590 7613 816 47
100 48 1 9980 8563 5230 7865 3372 3537 4489 1526 7166 6488 8225 6068 6923 3949 2772 1571 4581 7919 1587 4370 6837 387 5121 6174 9800 4899 5586 4642 618 9977 1437 1332 7491 4998 2224 4935 1345 6834 8596 880 7884 361 8344 9098 3749 519 2364 6817 2224 6200 6132 9828 2888 8275 5432 8816 964 2798 4005 7695 3886 957 631 8566 9408 8246 4234 1269 2772 9805 9975 2236 4614 7715 219 9915 1340 8146 5184 5665 2562 236 1363 6313 2947 8078 6668 3874 7020 9031 9298 4130 8793 1650 6431 8847 4305 5263 48
100 49 1 9872 1336 7908 3862 2991 3573 4192 8295 5211 4540 4195 1159 1837 1200 8857 1668 6253 4343 4312 6725 9731 9018 5812 9673 1117 9434 4769 628 4346 4511 4448 8185 4278 3267 5042 4708 600 4505 2721 5138 1942 7908 5858 2208 4772 7137 9399 271 299 2795 8119 7624 9644 7858 3603 9052 7826 7649 9437 3143 3056 4773 707 6607 7859 8947 3663 8675 132 318 72 6872 5423 28 7416 1306 6540 4817 6650 1316 2466 2181 2692 6722 9483 7006 6282 2953 9029 9217 5133 5747 1866 7121 8088 1778 2541 8999 49
100 50 1 4335 4330 4961 2068 8502 1465 4337 1579 1954 6705 1483 3447 1699 2166 4733 2908 5908 8360 7842 1899 6943 6236 2018 1315 6272 8307 3048 6086 9207 5499 4836 438 7915 6018 6673 3187 9652 5780 7251 2122 3288 1260 4742 8607 4842 4149 1393 1303 9582 7073 8438 9753 7676 9482 1499 2585 3839 9670 9458 3460 9211 9793 8691 9947 1164 9149 3160 4423 2183 9726 219 6075 7598 3651 5264 5617 4648 9827 3354 9497 3971 6279 2596 1492 39 5498 6461 7072 3806 3335 5819 8061 8462 2781 2923 2423 3394 5318 50
100 51 1 3873 4580 2589 2055 688 3479 7215 5280 2321 6531 2953 328 1395 5471 153 4053 6260 9134 4503 4112 9056 9011 3442 5572 2635 2232 8319 8555 9602 401 9085 597 7969 3522 3696 7090 9878 9420 8732 5922 9610 3349 4566 6363 5203 3019 5657 9429 9359 1562 2076 6659 1183 8644 1041 3450 6730 8491 2371 9408 1907 6184 4869 387 361 1433 3618 7909 5002 2698 210 7257 9374 1331 4480 2045 2233 9722 3059 3370 3008 1537 7053 1585 7592 1219 5909 4421 799 9261 4319 530 3009 9580 910 9799 3687 2100 51
100 52 1 8146 9481 9363 4202 420 5581 1628 855 4297 8351 3196 4541 603 2730 8746 3085 7215 2389 2390 9227 8822 3654 7406 1371 3983 5877 2231 2685 5080 6281 9441 3574 4990 1649 9715 8432 8207 5332 3768 6580 7392 7785 189 6207 200 2212 5685 6278 8137 2880 191 4274 1206 1342 2524 7759 1077 4766 8905 4178 5564 9385 3015 6395 8740 224 9180 9112 4191 9146 7782 8973 6967 3766 8523 1992 7355 4108 9400 7206 9479 1200 4790 895 7997 850 9769 6656 585 2973 9757 1203 1950 1460 106 5718 4630 4011 52
100 53 1 1585 2111 9168 5157 8246 2781 1590 4116 1331 1300 889 1604 6516 2991 6167 739 7646 1506 5921 7953 8557 5251 5314 8197 9552 9831 2546 5180 8641 5172 7288 2827 6025 7785 2530 385 1075 3109 1372 4681 6174 4748 6501 3533 1552 5575 1525 4754 662 9706 3008 4016 8312 5755 1812 7515 486 9825 8213 2088 3052 4126 2210 1675 9079 6672 2821 608 4282 8864 1206 4613 6038 7182 1937 6964 2911 5121 5976 6523 7535 3533 99 4874 4052 699 4986 9592 191 2197 4963 6741 6216 2043 8886 3375 7855 1818 53
100 54 1 2286 5949 824 4590 9228 8538 5241 9650 4881 1565 1104 8501 1863 9181 7520 8819 7896 7863 6792 5598 1503 6823 8806 4778 1463 1069 2309 7076 9049 2807 2543 5213 9198 7193 5131 7788 3182 4653 9996 7879 7221 3193 3280 5424 8262 4502 8361 178 108 7685 801 6143 7962 893 7535 2512 1172 3715 8488 8102 1014 952 4953 2350 4527 3349 6393 5448 3737 4957 3032 845 3995 8691 8449 7685 6356 882 504 3095 7131 8928 4887 1391 811 5534 2988 5442 4581 1997 8351 3097 5495 3998 7100 3902 5243 5105 54
100 55 1 1316 1433 5709 847 2481 3965 1153 9725 6137 8612 545 7935 5611 689 9870 9857 2362 8147 6159 8129 869 4079 9257 1622 2910 2473 5838 1904 6015 1225 9952 6202 9167 8300 6332 4863 4211 9103 8048 7846 732 2045 5048 7977 7315 9574 2848 1452 824 3015 6047 5779 4034 5208 1114 7569 7707 2708 8490 2831 722 6014 9125 5748 9284 2900 9169 675 6122 6652 3858 4949 1636 3491 763 9170 9833 7569 5614 3271 5382 9136 5652 4745 5548 3778 3370 158 7073 211 2429 8115 8554 6776 6073 472 7290 9966 55
100 56 1 8104 9470 5269 2818 7313 9167 8881 2877 8256 829 1904 9446 3793 1656 5625 3599 8799 1892 9222 6554 3784 6210 6346 6874 5421 4217 1934 9219 350 9164 5385 3845 3826 9320 6815 2515 2290 8212 7926 1914 3822 5785 713 2166 982 9020 7379 5770 2736 5431 7163 4083 5162 3156 7594 9274 2334 9738 8702 6529 8449 9166 3977 941 6387 6915 7660 3151 9390 795 902 8266 4118 639 3852 9722 3656 9201 282 7436 9756 9273 6872 2978 3836 6194 9845 981 6227 3077 6169 8467 5008 4721 3849 4646 1631 6350 56
100 57 1 8330 8610 9200 8136 2475 7480 6071 7591 7941 8531 4721 6792 3235 9820 8290 2804 371 1331 1586 2683 7658 5301 8315 4448 1173 8284 9805 7848 5836 2616 3534 4665 1717 4936 246 8324 561 9386 2608 7846 9635 8230 2111 6964 4731 3722 81 2276 1788 3099 4437 798 3472 3995 9112 4876 3579 4819 5404 2093 1034 7759 628 3259 1475 5400 5173 9202 8355 4477 6627 5625 5709 9229 5812 5466 3507 4545 6023 4078 9772 2646 3006 5591 3302 8572 586 6234 6187 2064 5061 4703 7865 7238 1418 6840 1832 4531 57
100 58 1 4235 2084 9170 875 6473 282 548 1702 3708 8789 9405 8257 5981 8652 5902 3495 4391 2325 3863 3810 5530 257 4399 3350 6563 2113 5204 2918 5723 3875 2264 9485 284 5834 5845 2289 2156 8948 810 151 6635 2968 8479 5353 1747 7285 4669 8373 5381 2068 9887 7420 1425 9779 2611 871 2999 7333 6257 6285 1999 8571 9659 2462 2066 6638 3619 8572 2186 9586 8832 6718 1169 1990 7655 619 1379 8412 2913 6778 5730 172 3520 9009 876 1268 853 3333 6350 1947 4498 7496 5459 73 5526 9510 3803 7632 58
100 59 1 1938 8968 4563 8765 8902 8447 407 3025 2646 8363 3646 4681 3478 5442 7854 8109 4235 8345 1347 4146 5306 5548 7088 7102 9399 5684 6501 9603 3810 6570 8054 1520 2239 3334 8054 6711 8562 8381 526 78 8652 2734 9390 9512 3323 7970 7926 6904 620 3201 5798 9921 2613 2199 2215 3758 3573 7369 6977 497 4863 2848 5216 5277 4086 6919 8309 7639 6132 6829 6576 2211 189 568 7932 8574 8308 9422 8224 5752 6028 2873 8887 2881 9824 9570 1632 9527 9795 5178 8829 9904 4883 6931 6183 9008 1804 6667 59
100 60 1 7674 3116 675 8373 5919 866 8143 3370 9587 2312 8766 3574 4796 8842 9191 2569 4129 1918 7148 7245 3363 6441 9350 5653 6421 6360 8191 2839 7292 7629 8284 4387 4544 2682 8007 6187 2629 3457 9857 7008 8030 1849 3603 9366 7990 3735 1758 727 9605 7090 3693 5093 8820 6375 9968 7600 693 712 1723 4956 3715 756 9094 1591 4535 5993 5198 6937 578 6671 5840 7727 1110 6607 7505 2405 8692 2308 5669 6646 1909 9731 2910 839 6171 6061 5380 4024 9509 5050 4766 7776 234 2785 1723 8432 6895 7049 60
100 61 1 8006 7355 9883 7048 5372 3775 3208 5554 6488 4569 2336 3407 2019 6096 4644 9050 9559 1309 4672 9148 7583 896 8602 5865 20 7825 8337 2038 903 791 7072 8426 8749 3196 9254 5505 2016 3148 875 7580 470 3056 678 7513 4221 3236 2948 9880 3784 3536 4720 4196 5249 4596 9415 3016 611 9574 497 8986 5163 589 9750 1974 30 8486 6469 9852 1536 9078 557 7011 367 3956 6027 1767 1656 1696 5211 6568 8213 9725 668 2520 525 1584 8501 7743 9459 1948 4266 9917 100 5851 1848 9837 9681 1249 61
100 62 1 2175 7035 5506 6533 1113 2747 5503 5636 2808 865 2301 3302 9253 7904 4148 756 4303 3148 3564 5631 516 7860 9419 4631 1874 6561 3598 6577 2884 5664 4312 7673 7726 4807 134 400 1009 1622 5925 7021 9858 4285 5357 9409 5826 4422 9553 8146 8928 7219 3573 2218 6783 1318 2881 9238 1803 2248 2193 7823 1894 3193 4749 971 6464 2174 123 6962 6598 4284 9625 3205 6925 8889 3546 4674 8360 366 5995 8906 4346 3133 6853 4044 3106 2235 6400 4984 9960 6772 6890 4773 3074 5726 3388 8624 6413 9703 62
100 63 1 7341 1167 9006 1303 7019 5497 1990 5554 2099 3208 588 8665 8925 2573 2982 8099 8307 1451 6550 7414 1605 2812 8195 2225 4135 9085 5251 3598 9384 8979 5597 5859 7527 6677 4516 1497 5603 7082 4162 5310 8893 9283 8082 882 4521 1344 9424 1894 5925 8194 984 3378 4000 5277 9517 4959 573 6103 7922 8866 8350 9486 6360 8481 4125 5500 6931 678 8358 3922 8953 866 3203 6886 4488 8647 3202 3164 351 3406 228 2448 4529 3522 188 5904 2138 7014 3376 7942 7523 572 6124 3161 7507 9672 7576 7670 63
100 64 1 9480 6648 7914 3447 5492 2818 7663 3396 3594 7842 6703 3403 8703 2183 783 5841 1937 6088 8543 5657 3165 7096 9565 7019 9199 2536 1451 6976 1810 7268 723 1049 5310 7718 5546 3233 6366 6130 7096 7896 7966 4181 4969 2413 4930 9877 3587 9021 1054 5105 3019 2591 6308 587 3960 8432 515 5790 6917 158 5868 7236 6588 4606 1772 7366 9585 4084 9980 2949 1278 9801 7464 1560 1654 2315 3841 1747 4711 5152 8319 4811 4737 6979 9871 156 5993 4303 7499 5532 748 6959 8047 9741 3445 1906 4049 2924 64
100 65 1 6546 6846 9716 5493 5066 9848 6319 4329 8862 656 7148 5094 211 7708 8981 9414 2854 9381 4248 9797 1520 7169 6358 955 3034 4848 3860 8961 968 9456 2917 1456 4289 6348 2724 8363 6077 5612 2480 5232 6633 5682 7526 8974 3886 2632 7774 5625 3063 3274 5708 8428 2769 8818 1336 5774 4793 1203 791 2728 1880 236 2203 1023 1596 3212 4696 8435 4951 8847 5970 9867 8122 7022 454 5865 3 9234 5463 4627 78 8169 4785 2303 428 4281 3420 8507 3995 3652 4882 9628 1317 5864 9597 6051 9099 3869 65
100 66 1 517 2550 779 6545 4785 7100 4112 7373 3873 2533 2031 6316 8110 6462 6157 6413 5072 2324 3738 5852 3589 954 1390 125 6334 2040 5168 4757 7481 791 2427 9685 2935 3243 6382 6517 1315 5228 8377 5641 9528 2643 7458 7879 4505 9984 6426 9520 5941 4142 4016 277 2209 106 6789 6385 7710 5213 1533 5243 9106 8163 1944 7113 7469 454 5812 7818 8333 9533 3633 888 8063 4446 2479 8985 546 3813 9019 9582 3424 519 9000 1020 8170 4550 7911 9810 715 5088 4436 5252 5548 3755 1707 435 7911 3948 66
100 67 1 5561 511 5101 1384 6882 3834 4249 1696 4446 691 467 2227 1331 7982 2679 2009 2487 5475 2896 5816 3810 3487 4349 1077 2196 6563 6054 3172 4312 5595 6742 2357 6555 399 9226 2643 389 2838 5450 9293 2308 5787 9325 1075 4410 9019 6194 6797 6811 4389 5301 8689 3975 8405 7136 151 2871 6521 9651 4035 8200 3198 4025 2645 7137 750 43 3857 629 8163 3575 76 9653 7551 5495 864 4483 273 3639 9862 7571 3857 3116 4882 9497 5782 861 1784 7023 1148 9701 4719 7778 2988 8249 7618 2143 1777 67
100 68 1 6254 3623 2534 4775 3068 8451 5516 5770 5218 2822 7482 2561 9078 6660 3875 8540 2722 8985 4117 52 3932 4192 8033 575 1485 1543 6283 8528 721 7695 7174 2942 4614 3134 5719 1915 4622 7861 1579 3755 4098 6871 6070 7963 9035 2681 6935 4303 5057 7 2208 757 1092 3352 8430 7482 3553 374 1005 7244 9234 5572 4098 75 2055 7648 7638 7362 1677 6045 7894 5538 3069 8678 8445 1461 7675 3606 3593 3798 4643 1908 7231 2523 8154 8807 817 4485 6722 8159 6332 5215 8121 1388 7438 1280 129 8703 68
100 69 1 4665 3157 3117 2750 6505 4387 6997 3981 4332 7920 9324 6007 1464 5100 8103 1059 3863 3249 7342 5295 5418 4805 1830 816 4511 3193 5322 6593 9723 6852 8859 2236 9734 6804 4380 176 7677 7799 605 4383 2136 3563 3643 2917 7198 9510 1025 2059 5550 7978 5707 2357 5974 5374 2787 6329 5015 9349 530 974 8326 4178 9802 9137 6097 6043 4741 5612 3065 6532 658 2454 7303 5466 1089 2453 7013 8742 8018 4599 9660 6224 7410 2794 4858 3757 9424 4687 3952 8069 9251 3324 2768 768 3365 9677 118 2176 69
100 70 1 1057 9039 1857 1175 6384 393 7036 7565 1604 2726 1249 4673 6481 396 3350 9690 8195 9909 6380 8652 4806 3476 8249 5514 9670 4323 1999 8577 8530 2759 9995 205 7118 2162 6772 3987 427 9853 8787 3648 1861 335 1379 1450 8216 937 3702 5576 5797 5197 5381 7111 8738 9390 4508 2569 803 3866 372 4048 1422 6780 793 4460 3468 4593 2914 3520 1990 3108 5278 5120 1270 8241 4835 411 8735 2153 778 7094 8472 8908 931 7476 7915 1916 516 2861 938 6066 2124 3909 1912 8744 9804 9239 30 7104 70
100 71 1 127 454 4929 761 8087 2319 1943 8333 8643 9160 982 5248 7639 2306 6447 6042 1026 8755 71 9611 719 222 3246 413 8105 7552 7530 7617 6554 7494 4786 2203 2169 9354 6014 6676 6017 1369 504 8074 5466 1571 8037 7870 1758 7202 9692 8556 8642 1083 8213 2743 254 5250 785 8841 2575 1652 8023 8727 4844 599 1469 6996 8938 2880 2817 289 5510 1807 6839 311 9086 6847 2224 1761 3036 4655 6009 582 8259 5491 8572 5570 6285 4702 3916 4667 4672 4842 3562 4121 7882 2253 8974 2941 8358 6919 71
100 72 1 4023 4760 8664 7492 3093 2559 725 1395 3181 2755 971 3318 6553 6859 1640 4971 5526 7367 9793 4464 8815 6486 1006 7729 9249 8104 6277 4904 6482 9754 2309 5322 9932 7804 3580 4636 1760 2850 4187 2496 2663 5767 1916 9398 7186 3214 5429 7217 3348 7499 2759 1451 955 1433 65 2296 5664 8610 7211 5181 2305 5376 1530 1128 9890 4029 6337 7735 3128 9195 3892 3649 3561 6434 1029 9235 5752 1275 942 4492 6899 6952 5616 2011 9814 7390 5151 3233 8609 2060 9883 3522 4295 5653 2275 1869 6610 1345 72
100 73 1 1420 9279 1847 6934 1846 6367 8460 4666 2577 3431 682 795 7396 6450 9515 2148 7025 4489 8404 3264 1365 1299 8535 3305 3502 7643 9059 9089 314 8566 9994 841 3835 6569 8795 4231 9920 8814 8994 7188 3214 230 9556 2769 4020 5036 602 8870 59 1911 733 1621 9331 5369 4372 2374 9419 3639 1461 7493 3881 2382 4305 2586 2507 141 2306 3468 6010 1523 9768 8673 294 4542 2379 7558 9538 4846 4569 2724 5299 6833 3973 5533 2276 5851 9021 1169 2259 5272 3892 3824 631 2438 1413 1453 6002 3179 73
100 74 1 4270 6384 3668 6832 4089 8056 5398 9342 6678 9713 318 3788 4980 8723 5776 9623 8870 2479 4733 2839 803 3027 9422 6488 4662 3458 3707 9754 7211 2879 3557 3915 1714 4937 4096 8544 299 7672 8260 3706 3244 5866 1374 1387 285 7719 4445 966 2666 8144 533 7232 3335 8246 6155 2616 8905 3590 6247 7041 6589 1097 2615 1976 9130 7759 2663 9474 1692 9968 6382 1508 9235 8999 6673 3965 9079 9766 7226 3853 6059 3142 3176 5816 8568 2741 6428 8304 4064 8052 6305 7586 6161 7470 8059 3981 3469 6075 74
100 75 1 1667 6574 7142 756 5370 4675 7590 3484 7714 152 6992 3366 2837 2144 8635 4962 1845 1702 566 1394 7439 6188 1064 8263 1310 1249 2628 8527 6269 1738 5913 1216 7067 7898 5757 4871 8118 1832 75 186 2676 2370 7343 2902 990 502 1671 6273 6404 4012 7382 2321 8885 7597 2376 7405 437 5826 9102 4307 3876 3977 7596 9000 1906 2081 8376 5835 8589 5826 7271 3872 3537 5567 4263 6145 6506 7600 3300 4523 4977 5258 5839 6414 3861 9462 2491 9334 9570 3179 5814 8955 490 3002 6292 3811 4471 8458 75
100 76 1 6798 6791 6415 7033 5113 5491 3398 191 7387 8358 5333 2873 4964 2732 8536 9984 5303 6629 7657 418 6499 9021 8233 4916 4916 192 9135 7069 5643 8934 339 6637 1706 2817 6093 5214 8223 7604 1288 4652 3182 1853 5824 7320 226 4305 3337 39 2267 3586 4150 8682 3615 1594 2278 1573 8629 5853 2655 4053 5281 6290 7424 5823 23 1854 6118 601 2743 6606 8183 7037 2928 3920 4182 1110 8197 1008 5247 6579 4394 9559 4498 1885 2608 3600 4843 2666 6209 4548 4637 1170 4602 9450 3104 5923 1695 9296 76
100 77 1 5858 3856 8147 7820 9919 4947 3189 4351 7690 214 100 4314 8453 9002 7438 3996 715 982 3266 1036 9183 5269 5059 6718 9911 7368 9011 5280 7186 1093 7422 4775 3750 7468 3357 305 648 9866 5629 2168 8922 153 7809 6432 1602 4673 1076 2291 47 6023 2781 9870 6181 7527 80 5223 6586 364 170 6759 1107 6159 6801 9710 5322 8845 4257 7796 2953 1418 533 3180 7166 7896 3747 9148 9304 2883 1466 8827 6416 2616 2345 511 5166 9443 3310 5888 9260 8058 3179 8197 2869 8107 1678 176 5567 3265 77
100 78 1 4722 7808 8273 839 4518 3779 6918 8320 5939 8498 2588 8081 1304 7215 2181 2953 5275 7266 604 6639 4358 8462 4986 2086 8977 8013 9357 8268 9103 6451 4568 9325 450 3409 8440 9145 9232 3180 8233 4248 3370 9408 6094 7654 4804 1430 936 8715 7979 8959 1378 5216 7414 7415 6737 2797 4805 795 3577 5689 2287 2557 1317 6905 3893 5477 9643 951 775 6194 9918 5600 5753 2689 4091 293 7811 5648 4397 6501 9073 1883 2582 792 51 6529 7423 3863 5572 1763 4100 1531 2679 8391 5266 8848 9737 8880 78
100 79 1 4050 1192 5185 2206 4897 9447 3768 392 1978 4149 7806 4808 9286 8621 5052 182 6278 2318 7649 8332 3614 8210 7020 9714 4584 7256 1620 3879 5389 1692 4281 3715 8849 8547 9326 17 4327 3961 7646 1622 7936 5382 8292 9481 9116 4265 5304 4148 7479 6704 8439 4156 7403 7533 5522 6013 3587 8589 3746 8722 4698 1863 2816 6195 3484 5500 6098 2187 6539 6263 5721 3170 4405 7602 7467 7471 4104 130 9247 3104 2980 911 5862 7595 3253 614 5274 3533 6523 637 2496 315 904 2062 7342 3517 746 8833 79
100 80 1 788 805 7968 4482 9753 2865 409 9251 2967 9012 1356 2732 1494 6059 2679 7196 810 8102 9534 7750 8418 556 9032 1827 9300 4218 7438 5916 3913 2666 4337 6426 7125 3830 6489 23 9615 1436 3129 6531 742 5484 4802 4795 2058 8622 1449 7041 7995 3833 6086 3948 7081 3822 3454 5620 6645 3424 4435 3100 199 4587 1972 7194 8339 5989 9002 573 7915 1284 6127 6988 517 7766 3249 4466 4133 7249 1663 2697 8508 7772 8453 9613 2293 500 673 4131 1049 4279 3514 6229 1168 3361 5737 300 9584 5988 80
100 81 1 6543 9781 6997 6716 3557 9228 9589 3857 6083 5275 4440 8517 7384 4808 4250 62 3195 4858 1357 2396 8998 7904 1410 5525 8042 8551 7222 5147 4929 7219 1083 5275 2061 9168 6661 612 1986 5525 4306 3592 2978 997 1876 7077 2868 6592 8099 7727 4385 72 4095 2970 4348 5501 9454 1742 465 2404 8544 8287 2209 4326 8485 6909 4407 7339 9533 4344 3869 928 6362 4362 1338 1322 1200 2821 4021 6898 3625 6894 6073 2826 9262 2478 7450 7976 7401 9420 1753 8188 3085 4685 6484 3372 2449 1335 9484 7054 81
100 82 1 2552 5171 2933 1074 1373 3754 5225 6486 3755 3868 8705 6954 7154 977 4316 1597 2027 1030 1445 5728 6312 5003 8004 6288 7909 1536 3385 9002 2256 8743 3370 383 793 3178 3543 5155 9486 1960 447 2834 7714 8928 2014 9862 9710 2325 8514 5601 9099 4170 6449 2138 249 4079 3846 6177 4085 6778 1580 612 7676 2346 3412 9340 4943 7149 2937 6848 9367 2441 8927 6009 192 7855 3581 9276 2400 2034 7775 9757 976 1469 7950 3361 8123 1311 2117 7756 9453 5001 7345 5899 9397 1751 4490 9333 6556 2562 82
100 83 1 2376 5165 5463 6448 890 1977 859 4151 2884 9915 6103 9214 4863 2405 9428 4066 7740 2045 7202 5985 932 6855 6314 7693 8447 3210 8005 6132 2126 4897 4617 9825 9231 6210 7742 4498 6159 7743 4840 304 3055 7445 499 539 197 531 8167 174 3281 9307 5105 8659 7000 4838 3804 8984 1470 8162 8317 3250 3507 7147 705 2216 8054 2554 9553 6878 5970 9770 1736 6025 2792 1705 1185 8017 5729 1002 5452 6291 2709 9807 8534 5845 5136 468 9644 8365 6436 8414 4136 1326 7857 3914 8120 3486 4112 8551 83
100 84 1 5815 2155 2890 168 2807 7602 5563 5833 9374 8480 7420 3083 8004 9958 356 1548 1832 7578 7577 4688 8211 7203 9336 9066 366 8893 91 8755 4426 1182 3270 3272 3769 5722 5977 490 1013 5912 5632 6611 2741 5254 4342 146 8750 6360 6630 227 1195 7227 438 2906 2774 8552 6020 5126 8506 1345 3729 7984 5106 4496 4348 1288 8942 9592 4235 5175 6064 1610 3100 4625 8623 7344 5278 3231 4855 2383 5331 8904 6154 3650 7757 5472 1302 412 3131 2276 2925 887 6111 8800 4339 8657 8052 4980 8260 9092 84
100 85 1 5266 8593 1747 4704 5897 8581 2387 9607 4892 5853 8429 3590 98 4627 2268 4589 6256 3672 4222 7733 8269 7782 1510 4484 4462 1990 4771 7138 6531 3579 2975 4652 2528 8454 1610 9056 5588 4535 1239 5689 3177 2283 9300 3159 1070 1067 7357 6086 3328 3352 1079 9461 9925 8802 7179 9330 2507 134 3892 4561 3631 6623 3004 5128 1668 4493 1416 1099 2990 2611 3089 5071 462 2945 1015 5546 9610 1637 9672 182 3674 2856 5365 8140 734 932 9474 3757 4377 7513 5071 1168 4714 2165 4145 7826 2761 3963 85
100 86 1 1502 1433 5652 4681 3784 6607 6668 3761 4906 7986 2231 7668 3572 1861 4668 3035 9487 599 7606 4058 809 685 6555 7526 189 5840 8612 9466 1202 4026 7841 4160 4524 4017 8507 4669 7622 4779 8534 4261 3296 4968 7193 3786 120 9681 3824 7642 3130 5259 852 2186 6581 3705 6142 5309 2678 1528 9891 5913 6197 8538 8764 8628 829 3378 570 8424 1443 1161 1980 3679 5261 1183 4612 4969 8912 1135 9109 1684 9790 9671 6150 8868 4325 5023 639 4290 5245 8299 2719 6075 9286 9287 9564 8511 4452 8593 86
100 87 1 8184 9872 1061 8296 9779 9789 7167 1574 5974 5598 2970 5521 4462 3297 6684 3711 9123 8928 121 5331 340 3867 6272 1963 3383 6105 5240 4301 5724 5059 3781 973 6844 1400 265 6350 4918 7409 9476 2757 153 6494 3908 9502 1945 3895 9270 5066 6474 6020 3141 9984 6034 6224 7704 7639 4403 9534 273 1922 9552 9614 7486 5286 5768 2138 626 2475 4219 5370 7789 4157 4178 6765 9578 9232 8106 8198 1331 2067 6478 7318 2383 9020 8140 2482 1302 3464 2557 9611 1961 2652 7216 7856 330 100 7442 3690 87
100 88 1 5999 637 9196 905 1899 189 5479 7021 6794 7713 6153 6528 9059 6816 1564 3303 7193 9516 2808 8979 4299 1144 3481 1175 7783 1075 2775 9311 889 6209 9863 7853 73 9648 3376 3765 2664 5840 2662 3497 6117 8776 6730 2522 583 6569 7437 1651 2888 3737 372 3675 2863 1740 9956 6637 8135 3663 22 3057 1706 2118 1392 4811 4140 2534 6312 541 1757 3638 1184 305 4990 5477 5299 4592 5203 7499 5977 4386 72 6812 508 1780 3214 7139 7040 7068 5934 8427 5293 5527 6511 5425 5489 8984 3639 25 88
100 89 1 9578 6232 7940 6147 2847 3413 892 7918 8680 5895 2380 6053 4836 7564 1057 393 2722 1596 2090 6975 9477 536 5458 6156 9261 1255 2085 4007 8430 2247 9395 1454 1590 2732 6358 3649 7231 4546 9107 6429 6900 5904 3394 9859 7942 8480 3446 8613 5558 6974 7928 2434 6438 8372 3393 6027 5725 6830 3287 6526 9214 7023 706 2646 8176 6486 9379 4837 9133 8679 3595 6078 5780 8174 2533 2309 6314 5994 5061 2322 9775 1249 3827 5581 6185 6687 1774 7514 2532 5591 4609 1022 8256 6711 1443 7625 3163 527 89
100 90 1 6224 8995 9960 4409 2968 4501 2186 2369 9503 5751 460 1974 987 2967 6380 372 6119 1919 5715 4844 34 7618 5027 5926 6307 6657 6443 6103 3703 8840 3481 6071 414 5518 4426 1357 1411 9411 8000 4488 5706 6777 151 3154 6272 4146 7570 568 4873 6780 3182 7029 8963 6654 6280 1363 939 6080 7583 250 4040 9026 3070 3910 9927 991 3513 2754 89 3199 1759 5299 7174 617 5726 1144 2350 9413 8584 8406 106 7602 1032 2361 1851 1601 9491 3679 4480 193 9498 5258 2952 1407 4153 9936 8504 7603 90
100 91 1 2141 6335 273 2707 6778 6448 2257 8342 1603 2630 8581 8834 8382 899 9112 7500 3258 7377 6022 6504 3511 5839 7056 4915 6928 2856 6339 7603 1906 7907 7936 2061 3206 7731 6290 6476 6376 6569 2682 6810 886 5177 2010 3983 8592 5452 9362 3337 6760 2687 6129 5907 7773 6879 1850 2866 3941 6215 3645 5 7540 9864 5934 291 3347 6071 1178 7605 9605 2069 2018 1554 8507 9332 8678 7311 530 1647 3584 2101 9072 9386 3664 1172 1884 2888 6521 7228 5160 8314 8728 7897 9095 8329 7706 4544 4211 4579 91
100 92 1 4972 6225 4451 2537 2682 4870 526 1589 4698 3064 2926 3673 4881 4280 9952 5689 1626 699 175 755 2839 3114 8880 6113 2009 9587 3536 3600 1291 5225 655 5434 4947 9219 5075 1474 7042 8627 7784 6169 6263 4105 107 2244 8871 9894 3535 820 7299 3851 2339 3544 8869 2184 2426 8939 82 2711 144 2976 848 2180 952 7378 9293 6597 4760 9617 2849 5043 9116 6753 7064 4502 6099 4921 6219 8837 7641 9577 6108 7715 8210 7302 3376 5140 721 460 3454 9014 3349 5995 5814 5253 4505 2798 3850 6074 92
100 93 1 3803 2149 903 2710 2658 8591 2730 2176 1686 2779 5057 8841 7938 9599 3668 5099 726 559 7090 8847 7615 1388 8496 1054 4204 45 7448 6066 7160 8595 1600 7095 1263 798 2596 2615 3119 2514 5062 6674 7709 8883 8708 104 3325 6454 5822 8049 532 2988 9419 5630 8710 663 3380 9642 5181 5994 8262 2359 9845 3818 7832 6070 2743 6674 4427 4171 1690 1689 9805 3164 2084 2545 3226 5088 8524 401 7462 4066 6884 2476 8612 8155 6386 3864 1890 5756 6841 6401 4203 2934 6203 9813 4709 766 7545 9313 93
100 94 1 6915 9658 8496 6266 7888 290 9056 5780 881 2185 2685 5313 6530 7412 7271 907 4662 6507 1414 781 8302 1819 5977 2557 3728 561 919 1213 232 1276 6883 1604 7470 1677 1325 7013 7267 2875 6479 9554 8658 5215 2143 9627 9718 5308 4839 773 4823 5012 6353 1231 5780 52 9891 6420 8273 5220 2175 2721 3728 4105 8335 6059 6651 7453 8755 5832 3713 3896 7421 351 6318 7404 7404 772 7959 2346 5689 6964 1404 4842 1682 2886 7521 4956 5697 6532 7692 8478 5386 5851 4833 9146 6772 1227 6862 3617 94
100 95 1 8917 4692 6823 3547 9509 5518 6918 1734 9637 9214 8513 6347 6199 9722 7082 1061 1215 6210 5131 1230 8251 4501 8219 5687 1454 4585 7878 9170 8432 8965 6911 3738 4283 8704 3480 4786 1091 6617 3913 7792 1218 5064 3774 2717 3084 3175 2401 2887 9414 1120 65 2285 139 8970 2245 5131 5122 7209 1437 5850 4050 4922 6137 2586 1451 123 3480 6423 1756 2133 9110 652 2690 1916 9811 4164 8950 1212 8741 7037 716 5215 6778 2915 6211 5333 4996 5337 7032 694 3333 9856 3668 2842 3340 7947 5713 8060 95
100 96 1 6665 150 4793 7827 4425 2377 4408 498 6224 4879 3992 5215 5728 3405 8017 7087 1037 4564 4165 6201 6770 1757 5967 6374 5410 9909 1187 3224 8063 2213 3008 9171 7690 7800 5240 4753 2809 6040 7682 3124 7985 1632 3273 7621 3605 9558 9997 7089 4519 5287 2903 3381 9253 6693 3390 5762 637 5415 8610 8368 8621 1443 9549 410 4459 1463 2555 2330 8943 4481 4382 9391 5589 4487 9403 5747 7461 5546 470 7503 5659 2865 9459 7181 293 40 75 4653 6486 6590 8144 4299 703 4338 1782 3036 4557 737 96
100 97 1 7011 1690 7932 5410 3253 9976 5932 6781 2569 9594 6880 4337 5216 8143 8303 9429 4554 8515 1927 4299 5012 5682 4721 4803 2286 8852 9237 485 3627 9957 804 5656 5102 6371 8698 8507 5384 8640 495 6721 8921 2130 1076 145 6976 7203 3498 1099 1202 7378 2194 822 6988 7165 1125 4367 9413 8089 9849 392 6575 8581 4750 890 4703 7798 5056 6309 2849 599 7411 5089 1970 92 9949 477 4442 9299 3386 9476 1342 4195 4176 1962 1668 630 9058 5515 4950 1550 5253 7346 642 4026 297 1552 2560 5147 97
100 98 1 814 7742 6165 2697 347 2900 2788 4825 5922 5855 8765 3215 869 3597 9340 570 1303 1711 6636 469 9817 4887 9488 3143 28 1340 1912 965 6575 5130 6216 6510 1977 5537 2743 1657 6084 2567 1986 6548 864 9417 4430 4932 1168 5532 6752 5625 4029 7022 7914 8225 3037 7984 3401 3028 8703 3548 3898 3415 9143 1384 7297 2379 2412 2513 1639 8730 5437 7619 2755 9430 8740 8106 8360 7962 4831 8944 1591 9681 929 9713 9596 4997 5643 9984 5665 2667 5545 4272 130 3275 4747 1219 9493 2372 1928 3304 98
100 99 1 267 6139 3885 5239 7020 3220 2773 9561 7125 1071 5698 137 5310 324 9802 1793 8039 6450 5623 8248 6901 8509 8257 1962 3418 2830 8613 1015 1569 5504 1557 8739 4631 2716 3216 2372 1878 6866 3647 7178 7277 343 5676 8585 5805 5982 2418 1762 2926 4640 2195 2571 1620 3360 4597 5548 5901 7019 4595 3078 9304 3544 6845 1767 3679 8317 685 735 8934 720 4399 7616 7899 2333 7538 5493 6274 5960 6578 5304 5850 5334 8213 4641 638 9169 4758 8945 478 8607 4472 7960 1514 2735 8220 3466 4825 8655 99
100 100 1 355 7404 6231 294 5674 8718 6156 2600 9992 7488 7379 770 5703 6538 1720 3183 6195 9740 3641 138 7873 2386 25 5542 8488 8911 6579 4201 3060 4669 262 2869 1367 1595 5025 1798 9535 8939 4531 3364 2897 17 5366 2183 5411 5803 3439 8874 7881 7685 5188 6885 1697 4691 1029 3319 8619 1167 9678 6163 9223 8358 5459 3010 4052 3180 4025 3507 6514 3470 526 2223 9601 4492 8053 5405 6664 2376 8890 7352 2627 6546 4669 6894 5581 8306 2935 2826 6141 3065 8202 2074 5977 8016 6835 7930 8359 156 100
100 101 1 6821 755 3183 7024 9445 5022 2808 4508 4724 204 7038 60 7458 2343 5624 1851 3303 1163 9220 95 5874 699 304 1730 2619 7810 6170 1704 2653 6253 7425 6474 7031 6901 9614 271 1256 5891 1433 4502 5506 327 2423 6313 2422 4084 6254 3082 4301 921 7781 7537 4837 4338 9510 8343 7756 2309 9902 5691 1047 1081 2711 6390 461 2183 7972 7928 5113 3156 9985 7198 8879 4034 7133 3843 8826 3675 764 3089 1641 2166 270 4740 511 7184 1363 6036 545 9039 7932 612 221 5946 116 5002 2425 4031 101
